n=[-3,-2,-1,0,1,2,3,4]; x=[2,1,-1,0,1,4,3,7];
n=0:0.01:2;
xn=sin(2*pi*n);